Iterations:  0
joint vector:  [ 1.57079633  1.04719755 -1.57079633  3.14159265  0.52359878  1.57079633]
SE(3) end−effector config:  [[ 2.46519033e-32  5.00000000e-01 -8.66025404e-01 -1.80014083e-01]
 [ 5.00000000e-01 -7.50000000e-01 -4.33012702e-01  4.68974917e-01]
 [-8.66025404e-01 -4.33012702e-01 -2.50000000e-01 -2.12883832e-02]
 [ 0.00000000e+00  0.00000000e+00  0.00000000e+00  1.00000000e+00]]
error twist V_b:  [-1.0222658  -0.47443521  0.2739153  -0.1839291  -0.12654742  0.47024187]
angular error magnitude ∣∣omega_b∣∣:  1.159804177049415
linear error magnitude ∣∣v_b∣∣:  0.5205493073929812
Iterations:  1
joint vector:  [ 2.58654725  0.96160506 -1.71394616  3.4395393   0.66619848  2.03871665]
SE(3) end−effector config:  [[ 0.08473898  0.99473529  0.05762814 -0.46718783]
 [ 0.27543077  0.03219784 -0.96078155  0.08558071]
 [-0.95757882  0.09728821 -0.27125229  0.07144332]
 [ 0.          0.          0.          1.        ]]
error twist V_b:  [ 0.04557503 -0.27737074 -0.09235519 -0.02782876 -0.03113657 -0.01909243]
angular error magnitude ∣∣omega_b∣∣:  0.29587344471952276
linear error magnitude ∣∣v_b∣∣:  0.045917825190019204
Iterations:  2
joint vector:  [ 2.58966386  0.97079528 -1.70347668  3.78545211  0.49761918  1.65980226]
SE(3) end−effector config:  [[ 0.01326042  0.99834914 -0.05588521 -0.50703665]
 [ 0.04166306 -0.05639324 -0.99753897  0.09958684]
 [-0.99904372  0.01089944 -0.04234208  0.09158128]
 [ 0.          0.          0.          1.        ]]
error twist V_b:  [-0.05618669 -0.04203809 -0.01209015 -0.00836479  0.00707232 -0.0007878 ]
angular error magnitude ∣∣omega_b∣∣:  0.07120615500525537
linear error magnitude ∣∣v_b∣∣:  0.01098217293474838
Iterations:  3
joint vector:  [ 2.58649802  0.98456666 -1.74280074  3.90970448  0.55300012  1.56084853]
SE(3) end−effector config:  [[-0.00155321  0.99999655 -0.00211629 -0.50011151]
 [-0.00518485 -0.00212432 -0.9999843   0.09977345]
 [-0.99998535 -0.00154221  0.00518813  0.09993703]
 [ 0.          0.          0.          1.        ]]
error twist V_b:  [-2.12031389e-03  5.18651695e-03  1.54771556e-03 -6.36411209e-05
  1.11216333e-04 -2.26508716e-04]
angular error magnitude ∣∣omega_b∣∣:  0.005813012344765883
linear error magnitude ∣∣v_b∣∣:  0.0002602411638587592
